45
47
48
49
50
51
52
53
54
55
56
57
58
59
60
61
62
63
64
65
66
67
68
69
70
71
72
73
74
75
76
77
78
79
80
81
82
83
84
85
86
87
88
89
92
93
94
95
96
97
98
99
100
101
106
110
111
113
114
115
116
117
118
119
122
123
125
126
127
129
130
132
133
134
135
136
137
138
139
141
143
147
149
151
154
155
156
159
160
161
162
163
164
165
166
167
168
169
170
171
172
174
176
178
180
181
182
184
185
187
189
190
191
192
193
194
195
196
197
198
199
200
201
203
204
205
206
207
208
209
210
211
214
215
216
218
219
222
223
225
227
230
231
233
234
235
236
237
238
242
243
244
245
247
248
249
250
251
253
254
255
256
258
259
260
261
262
264
265
266
267
268
270
272
273
274
275
276
277
278
279
281
283
284
285
286
287
288
289
291
296
297
298
299
300
301
302
305
307
308
309
310
312
313
314
315
316
318
319
320
323
324
325
326
329
331
332
333
334
335
339
342
343
344
345
346
347
348
349
350
351
352
354
355
356
357
358
359
361
364
365
366
368
371
372
374
378
380
381
382
387
388
392
395
396
397
398
400
401
402
403
404
405
407
408
409
410
413
414
416
417
418
419
420
421
422
423
424
425
426
427
428
430
431
434
438
439
440
441
444
446
447
448
449
450
451
452
453
454
455
456
457
458
460
461
462
464
465
466
468
469
470
473
478
479
480
482
483
484
485
486
487
488
489
490
491
495
496
497
498
500
502
503
504
505
506
507
508
509
511
513
514
517
518
519
521
522
523
524
525
526
527
528
530
533
535
536
538
539
540
541
542
543
545
547
548
549
550
551
552
553
554
555
557
559
563
565
566
567
568
569
571
572
573
575
576
577
579
580
582
583
584
585
586
588
590
592
594
595
597
598
599
600
601
602
603
605
606
607
609
611
613
614
615
616
617
619
620
621
623
624
625
627
628
629
631
634
635
636
637
638
640
641
642
643
644
646
647
648
649
650
651
653
654
655
656
657
658
659
660
662
664
665
666
667
670
671
673
674
675
676
678
680
681
682
683
684
685
687
688
689
690
691
693
694
695
696
697
698
699
700
701
702
703
704
705
706
707
710
711
712
713
715
717
718
720
721
723
724
725
726
728
731
732
733
734
735
736
737
738
739
741
742
743
744
746
747
748
750
752
753
756
759
762
763
764
765
766
767
768
769
770
771
773
774
775
776
777
778
779
780
782
783
784
786
787
788
790
791
792
793
794
797
798
801
802
804
806
808
810
812
813
816
818
819
820
821
823
825
827
828
829
830
831
832
833
834
835
836
837
838
840
842
843
846
848
849
851
852
853
854
856
857
858
859
860
861
862
863
864
865
866
867
869
871
872
873
875
876
877
879
880
881
884
885
886
887
888
890
892
893
894
895
898
899
900
902
903
904
905
907
909
910
911
914
915
916
917
918
919
921
923
924
925
926
927
928
930
932
934
935
937
940
941
942
944
945
947
948
949
950
951
953
954
955
956
957
958
959
960
961
962
963
964
965
966
968
972
973
975
978
979
984
985
986
987
989
990
991
992
994
995
996
999
1000
1002
1003
1004
1005
1006
1008
1009
1010
1011
1012
1013
1014
1015
1016
1017
1020
1021
1022
1023
1024
1027
1028
1031
1032
1034
1035
1037
1038
1041
1042
1043
1044
1046
1047
1049
1050
1053
1054
1055
1056
1057
1059
1062
1064
1065
1066
1070
1071
1072
1073
1074
1075
1077
1078
1079
1080
1081
1082
1084
1085
1086
1087
1088
1089
1090
1091
1092
1095
1096
1098
1099
1101
1102
1103
1104
1105
1106
1107
1108
1109
1111
1112
1113
1115
1116
1118
1121
1122
1123
1124
1125
1128
1129
1130
1131
1132
1133
1134
1136
1138
1139
1140
1141
1142
1143
1144
1145
1146
1147
1148
1149
1151
1153
1154
1155
1157
1159
1160
1162
1163
1165
1167
1168
1169
1170
1171
1172
1173
1175
1176
1178
1179
1180
1182
1184
1185
1186
1187
1188
1189
1190
1191
1194
1195
1196
1198
1201
1202
1203
1204
1206
1208
1210
1211
1212
1213
1214
1215
1216
1217
1218
1219
1220
1225
1226
1227
1228
1229
1230
1231
1232
1233
1234
1235
1236
1237
1238
1239
1241
1242
1243
1244
1245
1246
1247
1248
1250
1251
1252
1253
1254
1255
1256
1257
1258
1259
1260
1261
1262
1263
1264
1266
1270
1272
1273
1274
1275
1276
1277
1278
1279
1284
1285
1287
1289
1292
1294
1296
1297
1298
1300
1302
1303
1304
1306
1311
1313
1315
1316
1317
1319
1321
1322
1326
1327
1328
1329
1331
1332
1333
1334
1335
1336
1337
1339
1340
1341
1343
1344
1345
1346
1347
1348
1350
1352
1353
1359
1360
1361
1362
1363
1364
1366
1368
1369
1370
1372
1373
1374
1375
1376
1377
1379
1381
1382
1383
1384
1387
1388
1389
1393
1394
1395
1397
1400
1401
1402
1403
1404
1406
1407
1408
1409
1411
1412
1413
1415
1419
1421
1422
1423
1426
1428
1431
1433
1437
1438
1443
1446
1450
1451
1453
1454
1456
1458
1459
1462
1468
1470
1472
1474
1477
1479
1480
1481
1482
1483
1484
1485
1486
1488
1489
1491
1492
1493
1496
1497
1498
1499
1500
1501
1503
1504
1505
1506
1507
1508
1510
1514
1519
1522
1524
1525
1526
1527
1528
1529
1530
1531
1532
1533
1534
1536
1537
1539
1540
1541
1542
1544
1545
1547
1548
1549
1550
1553
1554
1555
1558
1559
1560
1561
1564
1566
1567
1568
1569
1570
1571
1572
1574
1577
1578
1579
1580
1581
1583
1584
1586
1587
1590
1591
1593
1594
1595
1596
1598
1599
1600
1601
1602
1603
1604
1605
1606
1607
1609
1610
1611
1612
1614
1615
1616
1617
1620
1621
1622
1623
1624
1625
1627
1628
1629
1633
1636
1637
1641
1642
1643
1645
1646
1647
1648
1650
1651
1652
1653
1656
1657
1658
1659
1660
1661
1663
1665
1666
1669
1671
1672
1673
1674
1676
1677
1678
1680
1681
1682
1683
1685
1686
1687
1689
1692
1693
1695
1696
1697
1698
1700
1701
1702
1703
1706
1707
1710
1711
1712
1715
1716
1717
1719
1721
1722
1724
1726
1727
1728
1729
1731
1732
1734
1735
1737
1738
1739
1740
1741
1742
1743
1744
1745
1746
1747
1748
1749
1751
1752
1753
1754
1756
1757
1758
1761
1762
1763
1764
1765
1766
1768
1769
1770
1771
1772
1773
1775
1777
1781
1782
1783
1784
1785
1787
1789
1790
1796
1797
1798
1801
1802
1804
1805
1806
1807
1808
1811
1813
1816
1817
1820
1821
1822
1823
1824
1825
1826
1827
1828
1829
1830
1831
1832
1833
1834
1835
1836
1837
1838
1839
1840
1841
1842
1843
1844
1845
1846
1848
1849
1850
1851
1852
1854
1855
1856
1857
1858
1859
1860
1862
1863
1864
1865
1867
1868
1869
1872
1873
1874
1875
1876
1877
1878
1880
1882
1883
1885
1887
1888
1889
1890
1893
1894
1896
1897
1898
1900
1902
1903
1904
1905
1907
1908
1911
1912
1914
1916
1917
1918
1919
1921
1922
1925
1927
1931
1933
1935
1936
1937
1938
1939
1940
1941
1943
1945
1947
1948
1950
1951
1953
1954
1955
1956
1960
1961
1962
1963
1965
1966
1967
1968
1970
1971
1973
1974
1975
1976
1978
1980
1981
1983
1984
1985
1986
1988
1989
1990
1991
1992
1993
1995
1996
1998
1999
2000
2001
2002
2003
2004
2005
2006
2007
2008
2009
2010
2012
2013
2014
2015
2016
2018
2019
2020
2022
2023
2024
2025
2026
2027
2028
2030
2031
2032
2033
2034
2036
2038
2039
2040
2042
2043
2044
2047
2048
2050
2051
2052
2055
2058
2060
2061
2062
2063
2064
2065
2066
2067
2068
2069
2070
2071
2072
2073
2074
2075
2076
2077
2078
2079
2080
2081
2082
2083
2084
2085
2086
2087
2089
2091
2093
2095
2096
2099
2101
2102
2103
2105
2106
2107
2111
2112
2113
2115
2116
2119
2120
2121
2124
2125
2126
2127
2131
2132
2133
2136
2137
2138
2139
2140
2141
2142
2143
2144
2145
2146
2149
2151
2152
2154
2155
2156
2158
2159
2160
2161
2162
2163
2165
2166
2169
2171
2172
2173
2174
2176
2179
2181
2182
2183
2185
2187
2188
2189
2190
2193
2195
2196
2197
2198
2199
2200
2202
2203
2204
2205
2206
2207
2208
2210
2211
2212
2213
2215
2217
2219
2220
2221
2223
2224
2228
2230
2231
2232
2233
2234
2235
2238
2240
2241
2242
2243
2244
2245
2246
2247
2248
2249
2250
2252
2253
2254
2255
2256
2257
2258
2260
2261
2262
2264
2266
2267
2268
2269
2270
2271
2272
2273
2274
2275
2276
2278
2279
2280
2281
2282
2283
2284
2285
2286
2287
2288
2289
2290
2291
2292
2293
2294
2295
2296
2297
2299
2300
2301
2302
2303
2304
2305
2306
2308
2309
2310
2311
2313
2314
2315
2316
2317
2318
2319
2321
2323
2324
2325
2326
2327
2328
2329
2330
2331
2333
2335
2337
2338
2339
2340
2341
2342
2343
2346
2347
2348
2349
2352
2353
2354
2356
2358
2360
2361
2363
2364
2365
2366
2367
2368
2369
2370
2372
2373
2376
2377
2379
2380
2381
2383
2384
2385
2388
2389
2391
2392
2393
2394
2395
2396
2399
2402
2403
2404
2405
2407
2408
2409
2411
2412
2414
2415
2417
2418
2419
2420
2421
2422
2423
2424
2427
2428
2429
2430
2431
2433
2434
2436
2440
2441
2442
2443
2444
2445
2446
2447
2449
2450
2451
2453
2456
2457
2458
2459
2460
2462
2464
2465
2466
2467
2468
2469
2470
2471
2473
2474
2475
2476
2477
2479
2481
2483
2484
2485
2488
2489
2490
2491
2493
2494
2495
2496
2497
2498
2499
2500
2501
2502
2503
2505
2507
2508
2509
2511
2512
2514
2515
2517
2518
2519
2521
2523
2524
2525
2526
2527
2528
2529
2530
2532
2533
2535
2536
2537
2538
2539
2540
2541
2542
2543
2544
2545
2548
2551
2553
2554
2555
2556
2559
2560
2562
2563
2564
2565
2566
2567
2569
2570
2574
2575
2576
2577
2578
2579
2580
2581
2582
2583
2584
2585
2586
2587
2588
2589
2590
2591
2592
2594
2595
2596
2599
2600
2601
2602
2603
2604
2605
2607
2608
2609
2610
2614
2615
2616
2617
2618
2619
2620
2621
2624
2626
2628
2629
2631
2632
2633
2634
2635
2637
2638
2639
2640
2641
2642
2643
2644
2645
2648
2649
2650
2651
2652
2653
2654
2656
2657
2658
2661
2662
2664
2665
2667
2668
2670
2671
2672
2674
2676
2677
2678
2679
2680
2681
2685
2686
2688
2689
2690
2691
2692
2693
2694
2695
2698
2700
2701
2703
2704
2708
2709
2712
2713
2714
2715
2716
2717
2718
2720
2723
2724
2725
2726
2727
2728
2729
2732
2733
2735
2737
2738
2739
2740
2741
2743
2744
2745
2746
2747
2748
2750
2751
2752
2753
2754
2757
2758
2759
2760
2761
2762
2765
2766
2768
2769
2772
2773
2774
2775
2776
2777
2778
2779
2780
2781
2783
2784
2787
2791
2792
2793
2794
2796
2797
2804
2805
2806
2810
2811
2812
2815
2816
2817
2818
2819
2820
2822
2825
2826
2827
2829
2830
2831
2832
2833
2835
2837
2840
2841
2842
2846
2847
2848
2851
2852
2853
2854
2857
2858
2859
2860
2861
2862
2863
2865
2867
2868
2870
2872
2873
2875
2876
2877
2878
2879
2880
2881
2882
2883
2885
2888
2889
2891
2892
2893
2894
2895
2897
2898
2899
2900
2903
2905
2913
2915
2916
2917
2919
2920
2922
2924
2925
2926
2929
2930
2932
2933
2934
2935
2936
2937
2939
2941
2943
2944
2948
2949
2950
2952
2953
2955
2957
2958
2959
2960
2963
2965
2966
2967
2968
2969
2970
2972
2973
2977
2978
2979
2980
2985
2986
2987
2988
2989
2992
2993
2994
2995
2999
3002
3003
3004
3005
3006
3007
3009
3011
3016
3020
3021
3022
3023
3024
3025
3026
3029
3033
3034
3036
3037
3038
3039
3040
3041
3042
3043
3044
3045
3050
3052
3053
3054
3055
3056
3057
3058
3059
3061
3062
3063
3064
3065
3068
3069
3070
3071
3072
3073
3074
3078
3081
3083
3084
3085
3087
3088
3089
3090
3092
3094
3095
3097
3098
3099
3100
3101
3102
3103
3105
3106
3107
3108
3109
3110
3111
3112
3113
3114
3115
3116
3118
3119
3120
3121
3122
3123
3125
3126
3127
3131
3132
3133
3134
3135
3136
3138
3139
3140
3141
3143
3144
3145
3146
3148
3149
3150
3151
3153
3154
3155
3156
3159
3161
3163
3164
3165
3166
3167
3168
3169
3170
3171
3173
3174
3175
3177
3178
3179
3180
3182
3183
3184
3185
3186
3188
3189
3191
3192
3193
3194
3195
3196
3199
3200
3201
3202
3203
3204
3206
3207
3209
3210
3211
3212
3213
3216
3217
3218
3219
3220
3221
3222
3226
3228
3229
3231
3232
3233
3234
3235
3236
3238
3239
3242
3244
3247
3248
3250
3251
3253
3254
3255
3256
3258
3259
3260
3261
3262
3263
3264
3265
3266
3267
3268
3269
3270
3271
3272
3273
3274
3275
3276
3277
3278
3279
3282
3285
3286
3287
3288
3289
3290
3293
3295
3299
3300
3301
3304
3307
3308
3309
3310
3311
3312
3313
3314
3315
3316
3317
3318
3320
3323
3324
3325
3329
3331
3332
3333
3336
3337
3338
3339
3340
3345
3348
3349
3350
3351
3352
3353
3358
3359
3360
3361
3363
3365
3366
3367
3368
3369
3371
3376
3377
3379
3380
3381
3382
3383
3384
3387
3390
3392
3394
3396
3399
3400
3402
3405
3406
3408
3410
3412
3413
3415
3416
3417
3419
3420
3421
3422
3423
3424
3426
3428
3430
3431
3432
3434
3436
3438
3439
3441
3442
3443
3444
3445
3446
3447
3448
3449
3450
3452
3453
3454
3456
3457
3458
3460
3461
3462
3463
3466
3467
3468
3470
3472
3474
3475
3477
3480
3481
3482
3483
3485
3486
3487
3488
3489
3490
3491
3493
3494
3495
3497
3500
3501
3503
3505
3509
3512
3515
3516
3518
3520
3523
3526
3529
3531
3532
3533
3536
3540
3541
3542
3546
3549
3550
3552
3553
3554
3555
3556
3557
3560
3562
3563
3564
3565
3566
3567
3568
3569
3570
3572
3573
3574
3576
3577
3581
3584
3585
3588
3589
3590
3591
3596
3597
3598
3600
3605
3606
3607
3608
3611
3612
3613
3615
3616
3617
3618
3619
3620
3626
3627
3634
3635
3639
3641
3642
3644
3646
3649
3654
3661
3662
3663
209611
211808
214416
216196
216672
217070
217753
218987
219249
219422
219423
219814
219846
220225
220294
220367
220406
220508
220575
220664
220718
220774
220791
220836
220837
220840
220888
220937
220945
220951
220976
221038
221048
221132
221151
221179
221202
221260
221285
221297
221307
221312
221327
221341
221345
221407
221410
221510
221748
221791
221821
221874
221902
221915
221949
221955
221976
221995
222021
222031
222035
222090
222172
222180
222346
222355
222358
222364
222415
222527
222546
222552
222617
222648
222657
222669
222675
222725
222836
222859
222863
222962
222981
222991
222994
223099
223121
223229
223232
223262
223283
223373
223385
223391
223395
223406
223454
223495
223529
223547
223556
223580
223605
223631
223634
223636
223643
223650
223759
223767
223768
223778
223786
223796
223812
223867
223868
223883
223894
223912
223914
223931
223945
223947
223950
223952
223961
223976
224033
224034
224048
224049
224171
224177
224188
224189
224192
224205
224211
224225
224229
224232
224273
224288
224290
224291
224301
224305
224307
224308
224321
224328
224344
224346
224414
224430
224433
224436
224439
224445
224450
224454
224458
224459
224467
224477
224516
224529
224533
224539
224542
224549
224550
224553
224558
224581
224586
224600
224610
224614
224629
224638
224657
224663
224671
224702
224715
224716
224727
224741
224749
224812
224816
224823
224827
224828
224833
224834
224846
224848
224849
224864
224868
224874
224880
224891
224895
224905
224940
224951
224955
224958
224969
224989
224998
225019
225026
225029
225032
225041
225044
225055
225064
225065
225104
225105
225116
225120
225125
225126
225129
225148
225150
225157
225165
225177
225178
225179
225183
225213
225216
225230
225231
225249
225250
225262
225266
225278
225305
225306
225310
225311
225312
225347
225352
225354
225355
225361
225363
225372
225373
225375
225378
225385
225404
225409
225412
225414
225416
225422
225424
225428
225436
225442
225447
225461
225473
225475
225485
225487
225490
225491
225496
225512
225519
225521
225523
225567
225573
225578
225587
225594
225601
225605
225607
225642
225651
225665
225675
225676
225681
225682
225683
225684
225690
225692
225695
225699
225707
225709
225718
225721
225722
225728
225737
225751
225755
225759
225771
225775
225778
225789
225809
225816
225838
225845
225851
225858
225860
225870
225875
225876
225880
225884
225888
225904
225906
225920
225926
225949
225962
225967
225976
225986
225994
226001
226006
226012
226014
226035
226040
226043
226046
226064
226068
226085
226096
226111
226115
226132
226139
226143
226146
226150
226151
226155
226162
226175
226177
226179
226200
226232
226236
226244
